#Powierzchnia stolu

17.845 0.0 -8.89		17.845 0.0 8.89		-17.845 0.0 -8.89	-17.845 0.0 8.89	

20	10

0

0.0 0.4 0.0

0.0 1.0 0.0

0.1 0.1 0.1

#Zewnetrzna pozioma blizsza powierzchnia

-17.845 0.262 10.2	17.845 0.262 10.2	-17.845 -0.5 10.2	17.845 -0.5 10.2		

20	2

1

0.0 0.5		4.0 0.5		0.0 0.0		4.0 0.0

0.4 0.15 0.0

0.0 0.0 1.0

0.8 0.8 0.8

#Zewnetrzna blizsza ukosna	

-17.845 -0.5 9.7	17.845 -0.5 9.7		-17.845 -2.0 8.89	17.845 -2.0 8.89

20	2

0

0.21 0.1 0.0

0.0 -0.5547 0.83205

0.8 0.8 0.8

#Zewnetrzna dolna

-17.845 -0.5 10.2	17.845 -0.5 10.2	-17.845 -0.5 9.7	17.845 -0.5 9.7

20	2

0

0.21 0.1 0.0

0.0 -1.0 0.0

0.8 0.8 0.8

#Lewa zewnetrzna gorna

-17.69 0.262 9.39		-0.543 0.262 9.39		-17.69 0.262 10.2		-0.543 0.262 10.2	

10	2

1

0.0 0.5		3.0 0.5		0.0 0.0		3.0 0.0

0.4 0.15 0.0

0.0 1.0 0.0

0.8 0.8 0.8

#Prawa zewnetrzna gorna

0.543 0.262 9.39		17.69 0.262 9.39	0.543 0.262 10.2		17.69 0.262 10.2

10	2

1

0.0 0.5		3.0 0.5		0.0 0.0		3.0 0.0

0.4 0.15 0.0

0.0 1.0 0.0

0.8 0.8 0.8

#Lewa pionowa blizsza powierzchnia  maskujaca niedoskonalosci od wewnatrz

-0.524 0.262 9.39	-17.6017 0.262 9.39	-0.524 -0.5 9.39	-17.6017 -0.5 9.39				
		

10	2

0

0.0 0.4 0.0

0.0 0.0 -1.0

0.8 0.8 0.8

#Lewa pionowa blizsza powierzchnia  maskujaca niedoskonalosci od zewnatrz

-17.6017 0.262 9.42		-0.524 0.262 9.42		-17.6017 -0.5 9.42		-0.524 -0.5 9.42
		

1	1

0

0.0 0.0 0.0

0.0 0.0 -1.0

0.8 0.8 0.8

#Prawa pionowa blizsza powierzchnia maskujaca niedoskonalosci od wewnatrz

17.6017 0.262 9.39	0.524 0.262 9.39	17.6017 -0.5 9.39	0.524 -0.5 9.39			
		

10	2

0

0.0 0.4 0.0

0.0 0.0 -1.0

0.8 0.8 0.8

#Prawa pionowa blizsza powierzchnia maskujaca niedoskonalosci od zewnatrz

0.524 0.262 9.42	17.6017 0.262 9.42	0.524 -0.5 9.42		17.6017 -0.5 9.42
		

10	2

0

0.0 0.4 0.0

0.0 0.0 -1.0

0.8 0.8 0.8

#Wewnetrzna gorna lewa

-17.1107 0.262 9.39	-17.1107 0.262 8.89	-1.024 0.262 9.39		-1.024 0.262 8.89

10	1

0

0.0 0.35 0.0

0.0 1.0 0.0

0.1 0.1 0.1

#Wewnetrzna gorna prawa

1.024 0.262 8.89	17.1017 0.262 8.89		1.024 0.262 9.39		17.1017 0.262 9.39

10	1

0

0.0 0.35 0.0

0.0 1.0 0.0

0.1 0.1 0.1

#Wewnetrzna dolna lewa

-17.6107 0.0 8.87	-0.524 0.0 8.87		-17.6107 0.0 9.41	-0.524 0.0 9.41

10	1

0

0.0 0.4 0.0

0.0 1.0 0.0

0.1 0.1 0.1

#Wewnetrzna dolna prawa

0.524 0.0 8.87		17.6107 0.0 8.87	0.524 0.0 9.41	17.6107 0.0 9.41

10	1

0

0.0 0.4 0.0

0.0 1.0 0.0

0.1 0.1 0.1

#Wewnetrzna ukosna lewa

-17.1107 0.0 9.39	-1.024 0.0 9.39		-17.1107 0.262 8.89	-1.024 0.262 8.89

10	1

0

0.0 0.4 0.0

0.0 -0.885762 -0.464139

0.1 0.1 0.1

#Wewnetrzna ukosna prawa

17.1107 0.262 8.89	1.024 0.262 8.89	17.1107 0.0 9.39	1.024 0.0 9.39

10	1

0

0.0 0.4 0.0

0.0 -0.885762 -0.464139

0.1 0.1 0.1

#Zewnetrzna banda dla ujemnych z

-17.845 -0.5 -10.2	17.845 -0.5 -10.2	-17.845 0.262 -10.2	17.845 0.262 -10.2	

20	2

1

0.0 0.0		4.0 0.0		0.0 0.5		4.0 0.5

0.4 0.15 0.0

0.0 0.0 -1.0

0.8 0.8 0.8

#Zewnetrzna banda ukosna

-17.845 -2.0 -8.89		17.845 -2.0 -8.89		-17.845 -0.5 -9.7		17.845 -0.5 -9.7

20	2

0

0.21 0.1 0.0

0.0 -0.5547 -0.83205

0.8 0.8 0.8

#Zewnetrzna dolna

-17.845 -0.5 -9.7	17.845 -0.5 -9.7	-17.845 -0.5 -10.2	17.845 -0.5 -10.2

20	2

0

0.21 0.1 0.0

0.0 -1.0 0.0

0.8 0.8 0.8

#Zewnetrzna lewa
-17.69 0.262 -10.2	-0.543 0.262 -10.2	-17.69 0.262 -9.39	-0.543 0.262 -9.39

10	2

1

0.0 0.0		3.0 0.0		0.0 0.5		3.0 0.5

0.4 0.15 0.0

0.0 1.0 0.0

0.8 0.8 0.8

#Zewnetrzna prawa

0.543 0.262 -10.2		17.69 0.262 -10.2		0.543 0.262 -9.39		17.69 0.262 -9.39

10	2

1

0.0 0.0		3.0 0.0		0.0 0.5		3.0 0.5

0.4 0.15 0.0

0.0 1.0 0.0

0.8 0.8 0.8

#Lewa pionowa blizsza powierzchnia  maskujaca niedoskonalosci od wewn¹trz

-17.6017 0.262 -9.39	-0.524 0.262 -9.39	-17.6017 -0.5 -9.39	-0.524 -0.5 -9.39
		

10	2

0

0.0 0.4 0.0

0.0 0.0 -1.0

0.8 0.8 0.8

#Lewa pionowa blizsza powierzchnia  maskujaca niedoskonalosci od zewn¹trz

-0.524 0.262 -9.42		-17.6017 0.262 -9.42	-0.524 -0.5 -9.42	-17.6017 -0.5 -9.42
		

10	2

0

0.0 0.0 0.0

0.0 0.0 -1.0

0.8 0.8 0.8

#Prawa pionowa blizsza powierzchnia maskujaca niedoskonalosci od wewn¹trz

0.524 0.262 -9.39	17.6017 0.262 -9.39	0.524 -0.5 -9.39	17.6017 -0.5 -9.39				
		

10	2

0

0.0 0.4 0.0

0.0 0.0 -1.0

0.8 0.8 0.8

#Prawa pionowa blizsza powierzchnia maskujaca niedoskonalosci od zewn¹trz

17.6017 0.262 -9.39		0.524 0.262 -9.3917.6017 -0.5 -9.39		0.524 -0.5 -9.39
		

10	2

0

0.0 0.0 0.0

0.0 0.0 -1.0

0.8 0.8 0.8

#Wewnetrzna gorna lewa

-17.1107 0.262 -9.39	-1.024 0.262 -9.39	-17.1107 0.262 -8.87	-1.024 0.262 -8.87

10	1

0

0.0 0.4 0.0

0.0 1.0 0.0

0.1 0.1 0.1

#Wewnetrzna gorna prawa

1.024 0.262 -9.39	17.1107 0.262 -9.39	1.024 0.262 -8.87	17.1107 0.262 -8.87

10	1

0

0.0 0.4 0.0

0.0 1.0 0.0

0.1 0.1 0.1

#Wewnetrzna dolna lewa

-17.6107 0.0 -9.41	-0.524 0.0 -9.41	-17.6107 0.0 -8.87	-0.524 0.0 -8.87

10	1

0

0.0 0.4 0.0

0.0 1.0 0.0

0.1 0.1 0.1

#Wewnetrzna dolna prawa

0.524 0.0 -9.41		17.6107 0.0 -9.41	0.524 0.0 -8.87		17.6107 0.0 -8.87

10	1

0

0.0 0.4 0.0

0.0 1.0 0.0

0.1 0.1 0.1

#Wewnetrzna ukosna lewa

-17.1107 0.262 -8.91	-1.024 0.262 -8.91	-17.1107 0.0 -9.39	-1.024 0.0 -9.39

10	1

0

0.0 0.4 0.0

0.0 -0.877756 0.479108

0.1 0.1 0.1

#Wewnetrzna ukosna prawa

17.1107 0.0 -9.39	1.024 0.0 -9.39		17.1107 0.262 -8.89	1.024 0.262 -8.89

10	1

0

0.0 0.4 0.0

0.0 -0.877756 0.479108

0.1 0.1 0.1


#Prawa strona stolu

19.155 0.262 8.89		19.155 0.262 -8.89	19.155 -0.5 8.89	19.155 -0.5 -8.89		

10	2

1

0.0 0.5		2.0 0.5		0.0 0.0		2.0 0.0

0.4 0.15 0.0

1.0 0.0 0.0

0.8 0.8 0.8

#Prawa boczna ukosna banda	

18.655 -0.5 8.89	18.655 -0.5 -8.89	17.845 -2.0 8.89	17.845 -2.0 -8.89

10	2

0

0.21 0.1 0.0

0.83205 -0.5547 0.0

0.8 0.8 0.8

#Prawa gorna banda

19.155 0.262 8.65		18.335 0.262 8.65		19.155 0.262 -8.65		18.335 0.262 -8.65		

2	10

1

0.0 0.0		0.0 0.5		3.0 0.0		3.0 0.5

0.4 0.15 0.0

0.0 1.0 0.0

0.8 0.8 0.8

#Prawa dolna banda

18.655 -0.5 8.89	19.155 -0.5 8.89	18.655 -0.5 -8.89	19.155 -0.5 -8.89		

2	10

0

0.21 0.1 0.0

0.0 -1.0 0.0

0.8 0.8 0.8

#Prawa pionowa maskujaca niedoskonalosc od wewn¹trz

18.345 0.262 -8.6557	18.345 0.262 8.6557	18.345 -0.5 -8.6557	18.345 -0.5 8.6557	

10	2

0

0.0 0.4 0.0

-1.0 0.0 0.0

0.8 0.8 0.8

#Prawa pionowa maskujaca niedoskonalosc od zewn¹trz

18.345 0.262 8.6557		18.345 0.262 -8.6557	18.345 -0.5 8.6557	18.345 -0.5 -8.6557

10	2

0

0.0 0.0 0.0

-1.0 0.0 0.0

0.8 0.8 0.8


#Prawa wewnetrzna gorna banda

17.84 0.262 -8.1467		18.345 0.262 -8.1467	17.84 0.262 8.1467		18.345 0.262 8.1467	

10	2

0

0.0 0.4 0.0

0.0 1.0 0.0

0.1 0.1 0.1

#Prawa wewnetrzna dolna banda

17.80 0.0 -8.6		18.365 0.0 -8.6		17.80 0.0 8.6		18.365 0.0 8.6

10	2

0

0.0 0.4 0.0

0.0 1.0 0.0

0.1 0.1 0.1

#Prawa wewnetrzna ukosna banda 

17.845 0.262 -8.1467		17.845 0.262 8.1467		18.345 0.0 -8.1467	18.345 0.0 8.1467		

10	2

0

0.0 0.4 0.0

-0.491253 -0.871017 0.0

0.1 0.1 0.1

#Lewa strona stolu

-19.155 -0.5 8.89	-19.155 -0.5 -8.89	-19.155 0.262 8.89	-19.155 0.262 -8.89

10	2

1

0.0 0.0		2.0 0.0		0.0 0.5		2.0 0.5

0.4 0.15 0.0

-1.0 0.0 0.0

0.8 0.8 0.8

#Lewa boczna ukoœna banda

-17.845 -2.0 8.89		-17.845 -2.0 -8.89		-18.655 -0.5 8.89	-18.655 -0.5 -8.89

10	2

0

0.21 0.1 0.0

-0.83205 -0.5547 0.0

0.8 0.8 0.8

#Lewa gorna banda

-19.155 0.262 -8.65		-18.335 0.262 -8.65		-19.155 0.262 8.65		-18.335 0.262 8.65

2	10

1

0.0 0.0		0.0 0.5		3.0 0.0		3.0 0.5

0.4 0.15 0.0

0.0 1.0 0.0

0.8 0.8 0.8

#Lewa dolna banda

-18.655 -0.5 -8.89	-19.155 -0.5 -8.89	-18.655 -0.5 8.89	-19.155 -0.5 8.89

2	10

0

0.21 0.1 0.0

0.0 -1.0 0.0

0.8 0.8 0.8

#Lewa pionowa maskujaca niedoskonalosc

-18.345 0.262 8.76	-18.345 0.262 -8.76	-18.345 -0.5 8.76	-18.345 -0.5 -8.76

10	2

0

0.0 0.4 0.0

1.0 0.0 0.0

0.8 0.8 0.8

#Lewa pionowa maskujaca niedoskonalosc

-18.345 0.262 -8.76		-18.345 0.262 8.76		-18.345 -0.5 -8.76	-18.345 -0.5 8.76

10	2

0

0.0 0.0 0.0

1.0 0.0 0.0

0.8 0.8 0.8

#Lewa wewnetrzna gorna banda

-17.845 0.262 8.1467	-18.345 0.262 8.1467	-17.845 0.262 -8.1467	-18.345 0.262 -8.1467

2	10

0

0.0 0.4 0.0

0.0 1.0 0.0

0.1 0.1 0.1

#Lewa wewnetrzna dolna banda

-17.0 0.0 8.6	-18.365 0.0 8.6		-17.0 0.0 -8.6		-18.365 0.0 -8.6

2	10

0

0.0 0.4 0.0

0.0 1.0 0.0

0.1 0.1 0.1

#Lewa wewnetrzna ukosn banda	

-18.345 0.0 -8.1467	-18.345 0.0 8.1467	-17.845 0.262 -8.1467	-17.845 0.262 8.1467

2	10

0

0.0 0.4 0.0

0.491253 -0.871017 0.0

0.1 0.1 0.1

#Dolna powierzchnia

-17.845 -2.0 8.89	17.845 -2.0 8.89	-17.845 -2.0 -8.89	17.845 -2.0 -8.89

2	10

0

0.21 0.1 0.0

0.0 -1.0 0.0

0.8 0.8 0.8