OBJECT
	HOW_MANY
		4
	POINT
		10.575 6.805 -9.39
	COLOR
		1.0 1.0 1.0 0.0
	POINT
		10.475 6.805 -9.39
	COLOR
		1.0 1.0 1.0 0.2
	POINT
		10.475 6.805 9.39
	COLOR
		1.0 1.0 1.0 0.2
	POINT
		10.575 6.805 9.39
	COLOR
		1.0 1.0 1.0 0.0
	MATERIAL
		0.8 0.8 0.8
	TEXTURE
		0

OBJECT
	HOW_MANY
		4
	POINT
		10.375 6.805 -9.39
	COLOR
		1.0 1.0 1.0 0.0
	POINT
		10.375 6.805 9.39
	COLOR
		1.0 1.0 1.0 0.0
	POINT
		10.475 6.805 9.39
	COLOR
		1.0 1.0 1.0 0.2
	POINT
		10.475 6.805 -9.39
	COLOR
		1.0 1.0 1.0 0.2
	MATERIAL
		0.8 0.8 0.8
	TEXTURE
		0

OBJECT
	HOW_MANY
		3
	POINT
		10.475000 6.810000 0.000000
	COLOR
		1.000000 1.000000 1.000000 0.200000
	POINT
		10.475000 6.810000 0.200000
	COLOR
		1.000000 1.000000 1.000000 0.000000
	POINT
		10.516583 6.810000 0.195630
	COLOR
		1.000000 1.000000 1.000000 0.000000
	MATERIAL
		0.100000 0.100000 0.100000 0.000000
	TEXTURE
		0
OBJECT
	HOW_MANY
		3
	POINT
		10.475000 6.810000 0.000000
	COLOR
		1.000000 1.000000 1.000000 0.200000
	POINT
		10.516583 6.810000 0.195630
	COLOR
		1.000000 1.000000 1.000000 0.000000
	POINT
		10.556348 6.810000 0.182709
	COLOR
		1.000000 1.000000 1.000000 0.000000
	MATERIAL
		0.100000 0.100000 0.100000 0.000000
	TEXTURE
		0
OBJECT
	HOW_MANY
		3
	POINT
		10.475000 6.810000 0.000000
	COLOR
		1.000000 1.000000 1.000000 0.200000
	POINT
		10.556348 6.810000 0.182709
	COLOR
		1.000000 1.000000 1.000000 0.000000
	POINT
		10.592557 6.810000 0.161803
	COLOR
		1.000000 1.000000 1.000000 0.000000
	MATERIAL
		0.100000 0.100000 0.100000 0.000000
	TEXTURE
		0
OBJECT
	HOW_MANY
		3
	POINT
		10.475000 6.810000 0.000000
	COLOR
		1.000000 1.000000 1.000000 0.200000
	POINT
		10.592557 6.810000 0.161803
	COLOR
		1.000000 1.000000 1.000000 0.000000
	POINT
		10.623629 6.810000 0.133826
	COLOR
		1.000000 1.000000 1.000000 0.000000
	MATERIAL
		0.100000 0.100000 0.100000 0.000000
	TEXTURE
		0
OBJECT
	HOW_MANY
		3
	POINT
		10.475000 6.810000 0.000000
	COLOR
		1.000000 1.000000 1.000000 0.200000
	POINT
		10.623629 6.810000 0.133826
	COLOR
		1.000000 1.000000 1.000000 0.000000
	POINT
		10.648205 6.810000 0.100000
	COLOR
		1.000000 1.000000 1.000000 0.000000
	MATERIAL
		0.100000 0.100000 0.100000 0.000000
	TEXTURE
		0
OBJECT
	HOW_MANY
		3
	POINT
		10.475000 6.810000 0.000000
	COLOR
		1.000000 1.000000 1.000000 0.200000
	POINT
		10.648205 6.810000 0.100000
	COLOR
		1.000000 1.000000 1.000000 0.000000
	POINT
		10.665212 6.810000 0.061803
	COLOR
		1.000000 1.000000 1.000000 0.000000
	MATERIAL
		0.100000 0.100000 0.100000 0.000000
	TEXTURE
		0
OBJECT
	HOW_MANY
		3
	POINT
		10.475000 6.810000 0.000000
	COLOR
		1.000000 1.000000 1.000000 0.200000
	POINT
		10.665212 6.810000 0.061803
	COLOR
		1.000000 1.000000 1.000000 0.000000
	POINT
		10.673905 6.810000 0.020906
	COLOR
		1.000000 1.000000 1.000000 0.000000
	MATERIAL
		0.100000 0.100000 0.100000 0.000000
	TEXTURE
		0
OBJECT
	HOW_MANY
		3
	POINT
		10.475000 6.810000 0.000000
	COLOR
		1.000000 1.000000 1.000000 0.200000
	POINT
		10.673905 6.810000 0.020906
	COLOR
		1.000000 1.000000 1.000000 0.000000
	POINT
		10.673905 6.810000 -0.020906
	COLOR
		1.000000 1.000000 1.000000 0.000000
	MATERIAL
		0.100000 0.100000 0.100000 0.000000
	TEXTURE
		0
OBJECT
	HOW_MANY
		3
	POINT
		10.475000 6.810000 0.000000
	COLOR
		1.000000 1.000000 1.000000 0.200000
	POINT
		10.673905 6.810000 -0.020906
	COLOR
		1.000000 1.000000 1.000000 0.000000
	POINT
		10.665212 6.810000 -0.061803
	COLOR
		1.000000 1.000000 1.000000 0.000000
	MATERIAL
		0.100000 0.100000 0.100000 0.000000
	TEXTURE
		0
OBJECT
	HOW_MANY
		3
	POINT
		10.475000 6.810000 0.000000
	COLOR
		1.000000 1.000000 1.000000 0.200000
	POINT
		10.665212 6.810000 -0.061803
	COLOR
		1.000000 1.000000 1.000000 0.000000
	POINT
		10.648205 6.810000 -0.100000
	COLOR
		1.000000 1.000000 1.000000 0.000000
	MATERIAL
		0.100000 0.100000 0.100000 0.000000
	TEXTURE
		0
OBJECT
	HOW_MANY
		3
	POINT
		10.475000 6.810000 0.000000
	COLOR
		1.000000 1.000000 1.000000 0.200000
	POINT
		10.648205 6.810000 -0.100000
	COLOR
		1.000000 1.000000 1.000000 0.000000
	POINT
		10.623629 6.810000 -0.133826
	COLOR
		1.000000 1.000000 1.000000 0.000000
	MATERIAL
		0.100000 0.100000 0.100000 0.000000
	TEXTURE
		0
OBJECT
	HOW_MANY
		3
	POINT
		10.475000 6.810000 0.000000
	COLOR
		1.000000 1.000000 1.000000 0.200000
	POINT
		10.623629 6.810000 -0.133826
	COLOR
		1.000000 1.000000 1.000000 0.000000
	POINT
		10.592557 6.810000 -0.161803
	COLOR
		1.000000 1.000000 1.000000 0.000000
	MATERIAL
		0.100000 0.100000 0.100000 0.000000
	TEXTURE
		0
OBJECT
	HOW_MANY
		3
	POINT
		10.475000 6.810000 0.000000
	COLOR
		1.000000 1.000000 1.000000 0.200000
	POINT
		10.592557 6.810000 -0.161803
	COLOR
		1.000000 1.000000 1.000000 0.000000
	POINT
		10.556348 6.810000 -0.182709
	COLOR
		1.000000 1.000000 1.000000 0.000000
	MATERIAL
		0.100000 0.100000 0.100000 0.000000
	TEXTURE
		0
OBJECT
	HOW_MANY
		3
	POINT
		10.475000 6.810000 0.000000
	COLOR
		1.000000 1.000000 1.000000 0.200000
	POINT
		10.556348 6.810000 -0.182709
	COLOR
		1.000000 1.000000 1.000000 0.000000
	POINT
		10.516583 6.810000 -0.195630
	COLOR
		1.000000 1.000000 1.000000 0.000000
	MATERIAL
		0.100000 0.100000 0.100000 0.000000
	TEXTURE
		0
OBJECT
	HOW_MANY
		3
	POINT
		10.475000 6.810000 0.000000
	COLOR
		1.000000 1.000000 1.000000 0.200000
	POINT
		10.516583 6.810000 -0.195630
	COLOR
		1.000000 1.000000 1.000000 0.000000
	POINT
		10.475000 6.810000 -0.200000
	COLOR
		1.000000 1.000000 1.000000 0.000000
	MATERIAL
		0.100000 0.100000 0.100000 0.000000
	TEXTURE
		0
OBJECT
	HOW_MANY
		3
	POINT
		-14.605000 6.810000 0.000000
	COLOR
		1.000000 1.000000 1.000000 0.200000
	POINT
		-14.605000 6.810000 0.200000
	COLOR
		1.000000 1.000000 1.000000 0.000000
	POINT
		-14.523652 6.810000 0.182709
	COLOR
		1.000000 1.000000 1.000000 0.000000
	MATERIAL
		0.100000 0.100000 0.100000 0.000000
	TEXTURE
		0
OBJECT
	HOW_MANY
		3
	POINT
		-14.605000 6.810000 0.000000
	COLOR
		1.000000 1.000000 1.000000 0.200000
	POINT
		-14.523652 6.810000 0.182709
	COLOR
		1.000000 1.000000 1.000000 0.000000
	POINT
		-14.456371 6.810000 0.133826
	COLOR
		1.000000 1.000000 1.000000 0.000000
	MATERIAL
		0.100000 0.100000 0.100000 0.000000
	TEXTURE
		0
OBJECT
	HOW_MANY
		3
	POINT
		-14.605000 6.810000 0.000000
	COLOR
		1.000000 1.000000 1.000000 0.200000
	POINT
		-14.456371 6.810000 0.133826
	COLOR
		1.000000 1.000000 1.000000 0.000000
	POINT
		-14.414788 6.810000 0.061803
	COLOR
		1.000000 1.000000 1.000000 0.000000
	MATERIAL
		0.100000 0.100000 0.100000 0.000000
	TEXTURE
		0
OBJECT
	HOW_MANY
		3
	POINT
		-14.605000 6.810000 0.000000
	COLOR
		1.000000 1.000000 1.000000 0.200000
	POINT
		-14.414788 6.810000 0.061803
	COLOR
		1.000000 1.000000 1.000000 0.000000
	POINT
		-14.406095 6.810000 -0.020906
	COLOR
		1.000000 1.000000 1.000000 0.000000
	MATERIAL
		0.100000 0.100000 0.100000 0.000000
	TEXTURE
		0
OBJECT
	HOW_MANY
		3
	POINT
		-14.605000 6.810000 0.000000
	COLOR
		1.000000 1.000000 1.000000 0.200000
	POINT
		-14.406095 6.810000 -0.020906
	COLOR
		1.000000 1.000000 1.000000 0.000000
	POINT
		-14.431794 6.810000 -0.100000
	COLOR
		1.000000 1.000000 1.000000 0.000000
	MATERIAL
		0.100000 0.100000 0.100000 0.000000
	TEXTURE
		0
OBJECT
	HOW_MANY
		3
	POINT
		-14.605000 6.810000 0.000000
	COLOR
		1.000000 1.000000 1.000000 0.200000
	POINT
		-14.431794 6.810000 -0.100000
	COLOR
		1.000000 1.000000 1.000000 0.000000
	POINT
		-14.487443 6.810000 -0.161803
	COLOR
		1.000000 1.000000 1.000000 0.000000
	MATERIAL
		0.100000 0.100000 0.100000 0.000000
	TEXTURE
		0
OBJECT
	HOW_MANY
		3
	POINT
		-14.605000 6.810000 0.000000
	COLOR
		1.000000 1.000000 1.000000 0.200000
	POINT
		-14.487443 6.810000 -0.161803
	COLOR
		1.000000 1.000000 1.000000 0.000000
	POINT
		-14.563417 6.810000 -0.195630
	COLOR
		1.000000 1.000000 1.000000 0.000000
	MATERIAL
		0.100000 0.100000 0.100000 0.000000
	TEXTURE
		0
OBJECT
	HOW_MANY
		3
	POINT
		-14.605000 6.810000 0.000000
	COLOR
		1.000000 1.000000 1.000000 0.200000
	POINT
		-14.563417 6.810000 -0.195630
	COLOR
		1.000000 1.000000 1.000000 0.000000
	POINT
		-14.646582 6.810000 -0.195630
	COLOR
		1.000000 1.000000 1.000000 0.000000
	MATERIAL
		0.100000 0.100000 0.100000 0.000000
	TEXTURE
		0
OBJECT
	HOW_MANY
		3
	POINT
		-14.605000 6.810000 0.000000
	COLOR
		1.000000 1.000000 1.000000 0.200000
	POINT
		-14.646582 6.810000 -0.195630
	COLOR
		1.000000 1.000000 1.000000 0.000000
	POINT
		-14.722557 6.810000 -0.161803
	COLOR
		1.000000 1.000000 1.000000 0.000000
	MATERIAL
		0.100000 0.100000 0.100000 0.000000
	TEXTURE
		0
OBJECT
	HOW_MANY
		3
	POINT
		-14.605000 6.810000 0.000000
	COLOR
		1.000000 1.000000 1.000000 0.200000
	POINT
		-14.722557 6.810000 -0.161803
	COLOR
		1.000000 1.000000 1.000000 0.000000
	POINT
		-14.778205 6.810000 -0.100000
	COLOR
		1.000000 1.000000 1.000000 0.000000
	MATERIAL
		0.100000 0.100000 0.100000 0.000000
	TEXTURE
		0
OBJECT
	HOW_MANY
		3
	POINT
		-14.605000 6.810000 0.000000
	COLOR
		1.000000 1.000000 1.000000 0.200000
	POINT
		-14.778205 6.810000 -0.100000
	COLOR
		1.000000 1.000000 1.000000 0.000000
	POINT
		-14.803904 6.810000 -0.020906
	COLOR
		1.000000 1.000000 1.000000 0.000000
	MATERIAL
		0.100000 0.100000 0.100000 0.000000
	TEXTURE
		0
OBJECT
	HOW_MANY
		3
	POINT
		-14.605000 6.810000 0.000000
	COLOR
		1.000000 1.000000 1.000000 0.200000
	POINT
		-14.803904 6.810000 -0.020906
	COLOR
		1.000000 1.000000 1.000000 0.000000
	POINT
		-14.795211 6.810000 0.061803
	COLOR
		1.000000 1.000000 1.000000 0.000000
	MATERIAL
		0.100000 0.100000 0.100000 0.000000
	TEXTURE
		0
OBJECT
	HOW_MANY
		3
	POINT
		-14.605000 6.810000 0.000000
	COLOR
		1.000000 1.000000 1.000000 0.200000
	POINT
		-14.795211 6.810000 0.061803
	COLOR
		1.000000 1.000000 1.000000 0.000000
	POINT
		-14.753628 6.810000 0.133826
	COLOR
		1.000000 1.000000 1.000000 0.000000
	MATERIAL
		0.100000 0.100000 0.100000 0.000000
	TEXTURE
		0
OBJECT
	HOW_MANY
		3
	POINT
		-14.605000 6.810000 0.000000
	COLOR
		1.000000 1.000000 1.000000 0.200000
	POINT
		-14.753628 6.810000 0.133826
	COLOR
		1.000000 1.000000 1.000000 0.000000
	POINT
		-14.686347 6.810000 0.182709
	COLOR
		1.000000 1.000000 1.000000 0.000000
	MATERIAL
		0.100000 0.100000 0.100000 0.000000
	TEXTURE
		0
OBJECT
	HOW_MANY
		3
	POINT
		-14.605000 6.810000 0.000000
	COLOR
		1.000000 1.000000 1.000000 0.200000
	POINT
		-14.686347 6.810000 0.182709
	COLOR
		1.000000 1.000000 1.000000 0.000000
	POINT
		-14.605000 6.810000 0.200000
	COLOR
		1.000000 1.000000 1.000000 0.000000
	MATERIAL
		0.100000 0.100000 0.100000 0.000000
	TEXTURE
		0
OBJECT
	HOW_MANY
		3
	POINT
		-8.922500 6.810000 0.000000
	COLOR
		1.000000 1.000000 1.000000 0.200000
	POINT
		-8.922500 6.810000 0.200000
	COLOR
		1.000000 1.000000 1.000000 0.000000
	POINT
		-8.880917 6.810000 0.195630
	COLOR
		1.000000 1.000000 1.000000 0.000000
	MATERIAL
		0.100000 0.100000 0.100000 0.000000
	TEXTURE
		0
OBJECT
	HOW_MANY
		3
	POINT
		-8.922500 6.810000 0.000000
	COLOR
		1.000000 1.000000 1.000000 0.200000
	POINT
		-8.880917 6.810000 0.195630
	COLOR
		1.000000 1.000000 1.000000 0.000000
	POINT
		-8.841152 6.810000 0.182709
	COLOR
		1.000000 1.000000 1.000000 0.000000
	MATERIAL
		0.100000 0.100000 0.100000 0.000000
	TEXTURE
		0
OBJECT
	HOW_MANY
		3
	POINT
		-8.922500 6.810000 0.000000
	COLOR
		1.000000 1.000000 1.000000 0.200000
	POINT
		-8.841152 6.810000 0.182709
	COLOR
		1.000000 1.000000 1.000000 0.000000
	POINT
		-8.804943 6.810000 0.161803
	COLOR
		1.000000 1.000000 1.000000 0.000000
	MATERIAL
		0.100000 0.100000 0.100000 0.000000
	TEXTURE
		0
OBJECT
	HOW_MANY
		3
	POINT
		-8.922500 6.810000 0.000000
	COLOR
		1.000000 1.000000 1.000000 0.200000
	POINT
		-8.804943 6.810000 0.161803
	COLOR
		1.000000 1.000000 1.000000 0.000000
	POINT
		-8.773871 6.810000 0.133826
	COLOR
		1.000000 1.000000 1.000000 0.000000
	MATERIAL
		0.100000 0.100000 0.100000 0.000000
	TEXTURE
		0
OBJECT
	HOW_MANY
		3
	POINT
		-8.922500 6.810000 0.000000
	COLOR
		1.000000 1.000000 1.000000 0.200000
	POINT
		-8.773871 6.810000 0.133826
	COLOR
		1.000000 1.000000 1.000000 0.000000
	POINT
		-8.749295 6.810000 0.100000
	COLOR
		1.000000 1.000000 1.000000 0.000000
	MATERIAL
		0.100000 0.100000 0.100000 0.000000
	TEXTURE
		0
OBJECT
	HOW_MANY
		3
	POINT
		-8.922500 6.810000 0.000000
	COLOR
		1.000000 1.000000 1.000000 0.200000
	POINT
		-8.749295 6.810000 0.100000
	COLOR
		1.000000 1.000000 1.000000 0.000000
	POINT
		-8.732288 6.810000 0.061803
	COLOR
		1.000000 1.000000 1.000000 0.000000
	MATERIAL
		0.100000 0.100000 0.100000 0.000000
	TEXTURE
		0
OBJECT
	HOW_MANY
		3
	POINT
		-8.922500 6.810000 0.000000
	COLOR
		1.000000 1.000000 1.000000 0.200000
	POINT
		-8.732288 6.810000 0.061803
	COLOR
		1.000000 1.000000 1.000000 0.000000
	POINT
		-8.723595 6.810000 0.020906
	COLOR
		1.000000 1.000000 1.000000 0.000000
	MATERIAL
		0.100000 0.100000 0.100000 0.000000
	TEXTURE
		0
OBJECT
	HOW_MANY
		3
	POINT
		-8.922500 6.810000 0.000000
	COLOR
		1.000000 1.000000 1.000000 0.200000
	POINT
		-8.723595 6.810000 0.020906
	COLOR
		1.000000 1.000000 1.000000 0.000000
	POINT
		-8.723595 6.810000 -0.020906
	COLOR
		1.000000 1.000000 1.000000 0.000000
	MATERIAL
		0.100000 0.100000 0.100000 0.000000
	TEXTURE
		0
OBJECT
	HOW_MANY
		3
	POINT
		-8.922500 6.810000 0.000000
	COLOR
		1.000000 1.000000 1.000000 0.200000
	POINT
		-8.723595 6.810000 -0.020906
	COLOR
		1.000000 1.000000 1.000000 0.000000
	POINT
		-8.732288 6.810000 -0.061803
	COLOR
		1.000000 1.000000 1.000000 0.000000
	MATERIAL
		0.100000 0.100000 0.100000 0.000000
	TEXTURE
		0
OBJECT
	HOW_MANY
		3
	POINT
		-8.922500 6.810000 0.000000
	COLOR
		1.000000 1.000000 1.000000 0.200000
	POINT
		-8.732288 6.810000 -0.061803
	COLOR
		1.000000 1.000000 1.000000 0.000000
	POINT
		-8.749295 6.810000 -0.100000
	COLOR
		1.000000 1.000000 1.000000 0.000000
	MATERIAL
		0.100000 0.100000 0.100000 0.000000
	TEXTURE
		0
OBJECT
	HOW_MANY
		3
	POINT
		-8.922500 6.810000 0.000000
	COLOR
		1.000000 1.000000 1.000000 0.200000
	POINT
		-8.749295 6.810000 -0.100000
	COLOR
		1.000000 1.000000 1.000000 0.000000
	POINT
		-8.773871 6.810000 -0.133826
	COLOR
		1.000000 1.000000 1.000000 0.000000
	MATERIAL
		0.100000 0.100000 0.100000 0.000000
	TEXTURE
		0
OBJECT
	HOW_MANY
		3
	POINT
		-8.922500 6.810000 0.000000
	COLOR
		1.000000 1.000000 1.000000 0.200000
	POINT
		-8.773871 6.810000 -0.133826
	COLOR
		1.000000 1.000000 1.000000 0.000000
	POINT
		-8.804943 6.810000 -0.161803
	COLOR
		1.000000 1.000000 1.000000 0.000000
	MATERIAL
		0.100000 0.100000 0.100000 0.000000
	TEXTURE
		0
OBJECT
	HOW_MANY
		3
	POINT
		-8.922500 6.810000 0.000000
	COLOR
		1.000000 1.000000 1.000000 0.200000
	POINT
		-8.804943 6.810000 -0.161803
	COLOR
		1.000000 1.000000 1.000000 0.000000
	POINT
		-8.841152 6.810000 -0.182709
	COLOR
		1.000000 1.000000 1.000000 0.000000
	MATERIAL
		0.100000 0.100000 0.100000 0.000000
	TEXTURE
		0
OBJECT
	HOW_MANY
		3
	POINT
		-8.922500 6.810000 0.000000
	COLOR
		1.000000 1.000000 1.000000 0.200000
	POINT
		-8.841152 6.810000 -0.182709
	COLOR
		1.000000 1.000000 1.000000 0.000000
	POINT
		-8.880917 6.810000 -0.195630
	COLOR
		1.000000 1.000000 1.000000 0.000000
	MATERIAL
		0.100000 0.100000 0.100000 0.000000
	TEXTURE
		0
OBJECT
	HOW_MANY
		3
	POINT
		-8.922500 6.810000 0.000000
	COLOR
		1.000000 1.000000 1.000000 0.200000
	POINT
		-8.880917 6.810000 -0.195630
	COLOR
		1.000000 1.000000 1.000000 0.000000
	POINT
		-8.922500 6.810000 -0.200000
	COLOR
		1.000000 1.000000 1.000000 0.000000
	MATERIAL
		0.100000 0.100000 0.100000 0.000000
	TEXTURE
		0
OBJECT
	HOW_MANY
		3
	POINT
		-8.922500 6.810000 0.000000
	COLOR
		1.000000 1.000000 1.000000 0.200000
	POINT
		-8.922500 6.810000 -0.200000
	COLOR
		1.000000 1.000000 1.000000 0.000000
	POINT
		-8.964082 6.810000 -0.195630
	COLOR
		1.000000 1.000000 1.000000 0.000000
	MATERIAL
		0.100000 0.100000 0.100000 0.000000
	TEXTURE
		0
OBJECT
	HOW_MANY
		3
	POINT
		-8.922500 6.810000 0.000000
	COLOR
		1.000000 1.000000 1.000000 0.200000
	POINT
		-8.964082 6.810000 -0.195630
	COLOR
		1.000000 1.000000 1.000000 0.000000
	POINT
		-9.003847 6.810000 -0.182709
	COLOR
		1.000000 1.000000 1.000000 0.000000
	MATERIAL
		0.100000 0.100000 0.100000 0.000000
	TEXTURE
		0
OBJECT
	HOW_MANY
		3
	POINT
		-8.922500 6.810000 0.000000
	COLOR
		1.000000 1.000000 1.000000 0.200000
	POINT
		-9.003847 6.810000 -0.182709
	COLOR
		1.000000 1.000000 1.000000 0.000000
	POINT
		-9.040057 6.810000 -0.161803
	COLOR
		1.000000 1.000000 1.000000 0.000000
	MATERIAL
		0.100000 0.100000 0.100000 0.000000
	TEXTURE
		0
OBJECT
	HOW_MANY
		3
	POINT
		-8.922500 6.810000 0.000000
	COLOR
		1.000000 1.000000 1.000000 0.200000
	POINT
		-9.040057 6.810000 -0.161803
	COLOR
		1.000000 1.000000 1.000000 0.000000
	POINT
		-9.071129 6.810000 -0.133826
	COLOR
		1.000000 1.000000 1.000000 0.000000
	MATERIAL
		0.100000 0.100000 0.100000 0.000000
	TEXTURE
		0
OBJECT
	HOW_MANY
		3
	POINT
		-8.922500 6.810000 0.000000
	COLOR
		1.000000 1.000000 1.000000 0.200000
	POINT
		-9.071129 6.810000 -0.133826
	COLOR
		1.000000 1.000000 1.000000 0.000000
	POINT
		-9.095705 6.810000 -0.100000
	COLOR
		1.000000 1.000000 1.000000 0.000000
	MATERIAL
		0.100000 0.100000 0.100000 0.000000
	TEXTURE
		0
OBJECT
	HOW_MANY
		3
	POINT
		-8.922500 6.810000 0.000000
	COLOR
		1.000000 1.000000 1.000000 0.200000
	POINT
		-9.095705 6.810000 -0.100000
	COLOR
		1.000000 1.000000 1.000000 0.000000
	POINT
		-9.112711 6.810000 -0.061803
	COLOR
		1.000000 1.000000 1.000000 0.000000
	MATERIAL
		0.100000 0.100000 0.100000 0.000000
	TEXTURE
		0
OBJECT
	HOW_MANY
		3
	POINT
		-8.922500 6.810000 0.000000
	COLOR
		1.000000 1.000000 1.000000 0.200000
	POINT
		-9.112711 6.810000 -0.061803
	COLOR
		1.000000 1.000000 1.000000 0.000000
	POINT
		-9.121404 6.810000 -0.020906
	COLOR
		1.000000 1.000000 1.000000 0.000000
	MATERIAL
		0.100000 0.100000 0.100000 0.000000
	TEXTURE
		0
OBJECT
	HOW_MANY
		3
	POINT
		-8.922500 6.810000 0.000000
	COLOR
		1.000000 1.000000 1.000000 0.200000
	POINT
		-9.121404 6.810000 -0.020906
	COLOR
		1.000000 1.000000 1.000000 0.000000
	POINT
		-9.121404 6.810000 0.020906
	COLOR
		1.000000 1.000000 1.000000 0.000000
	MATERIAL
		0.100000 0.100000 0.100000 0.000000
	TEXTURE
		0
OBJECT
	HOW_MANY
		3
	POINT
		-8.922500 6.810000 0.000000
	COLOR
		1.000000 1.000000 1.000000 0.200000
	POINT
		-9.121404 6.810000 0.020906
	COLOR
		1.000000 1.000000 1.000000 0.000000
	POINT
		-9.112711 6.810000 0.061803
	COLOR
		1.000000 1.000000 1.000000 0.000000
	MATERIAL
		0.100000 0.100000 0.100000 0.000000
	TEXTURE
		0
OBJECT
	HOW_MANY
		3
	POINT
		-8.922500 6.810000 0.000000
	COLOR
		1.000000 1.000000 1.000000 0.200000
	POINT
		-9.112711 6.810000 0.061803
	COLOR
		1.000000 1.000000 1.000000 0.000000
	POINT
		-9.095705 6.810000 0.100000
	COLOR
		1.000000 1.000000 1.000000 0.000000
	MATERIAL
		0.100000 0.100000 0.100000 0.000000
	TEXTURE
		0
OBJECT
	HOW_MANY
		3
	POINT
		-8.922500 6.810000 0.000000
	COLOR
		1.000000 1.000000 1.000000 0.200000
	POINT
		-9.095705 6.810000 0.100000
	COLOR
		1.000000 1.000000 1.000000 0.000000
	POINT
		-9.071129 6.810000 0.133826
	COLOR
		1.000000 1.000000 1.000000 0.000000
	MATERIAL
		0.100000 0.100000 0.100000 0.000000
	TEXTURE
		0
OBJECT
	HOW_MANY
		3
	POINT
		-8.922500 6.810000 0.000000
	COLOR
		1.000000 1.000000 1.000000 0.200000
	POINT
		-9.071129 6.810000 0.133826
	COLOR
		1.000000 1.000000 1.000000 0.000000
	POINT
		-9.040057 6.810000 0.161803
	COLOR
		1.000000 1.000000 1.000000 0.000000
	MATERIAL
		0.100000 0.100000 0.100000 0.000000
	TEXTURE
		0
OBJECT
	HOW_MANY
		3
	POINT
		-8.922500 6.810000 0.000000
	COLOR
		1.000000 1.000000 1.000000 0.200000
	POINT
		-9.040057 6.810000 0.161803
	COLOR
		1.000000 1.000000 1.000000 0.000000
	POINT
		-9.003847 6.810000 0.182709
	COLOR
		1.000000 1.000000 1.000000 0.000000
	MATERIAL
		0.100000 0.100000 0.100000 0.000000
	TEXTURE
		0
OBJECT
	HOW_MANY
		3
	POINT
		-8.922500 6.810000 0.000000
	COLOR
		1.000000 1.000000 1.000000 0.200000
	POINT
		-9.003847 6.810000 0.182709
	COLOR
		1.000000 1.000000 1.000000 0.000000
	POINT
		-8.964082 6.810000 0.195630
	COLOR
		1.000000 1.000000 1.000000 0.000000
	MATERIAL
		0.100000 0.100000 0.100000 0.000000
	TEXTURE
		0
OBJECT
	HOW_MANY
		3
	POINT
		-8.922500 6.810000 0.000000
	COLOR
		1.000000 1.000000 1.000000 0.200000
	POINT
		-8.964082 6.810000 0.195630
	COLOR
		1.000000 1.000000 1.000000 0.000000
	POINT
		-8.922500 6.810000 0.200000
	COLOR
		1.000000 1.000000 1.000000 0.000000
	MATERIAL
		0.100000 0.100000 0.100000 0.000000
	TEXTURE
		0
OBJECT
	HOW_MANY
		3
	POINT
		10.475000 6.810000 0.000000
	COLOR
		1.000000 1.000000 1.000000 0.200000
	POINT
		10.475000 6.810000 0.200000
	COLOR
		1.000000 1.000000 1.000000 0.000000
	POINT
		10.516583 6.810000 0.195630
	COLOR
		1.000000 1.000000 1.000000 0.000000
	MATERIAL
		0.100000 0.100000 0.100000 0.000000
	TEXTURE
		0
OBJECT
	HOW_MANY
		3
	POINT
		10.475000 6.810000 0.000000
	COLOR
		1.000000 1.000000 1.000000 0.200000
	POINT
		10.516583 6.810000 0.195630
	COLOR
		1.000000 1.000000 1.000000 0.000000
	POINT
		10.556348 6.810000 0.182709
	COLOR
		1.000000 1.000000 1.000000 0.000000
	MATERIAL
		0.100000 0.100000 0.100000 0.000000
	TEXTURE
		0
OBJECT
	HOW_MANY
		3
	POINT
		10.475000 6.810000 0.000000
	COLOR
		1.000000 1.000000 1.000000 0.200000
	POINT
		10.556348 6.810000 0.182709
	COLOR
		1.000000 1.000000 1.000000 0.000000
	POINT
		10.592557 6.810000 0.161803
	COLOR
		1.000000 1.000000 1.000000 0.000000
	MATERIAL
		0.100000 0.100000 0.100000 0.000000
	TEXTURE
		0
OBJECT
	HOW_MANY
		3
	POINT
		10.475000 6.810000 0.000000
	COLOR
		1.000000 1.000000 1.000000 0.200000
	POINT
		10.592557 6.810000 0.161803
	COLOR
		1.000000 1.000000 1.000000 0.000000
	POINT
		10.623629 6.810000 0.133826
	COLOR
		1.000000 1.000000 1.000000 0.000000
	MATERIAL
		0.100000 0.100000 0.100000 0.000000
	TEXTURE
		0
OBJECT
	HOW_MANY
		3
	POINT
		10.475000 6.810000 0.000000
	COLOR
		1.000000 1.000000 1.000000 0.200000
	POINT
		10.623629 6.810000 0.133826
	COLOR
		1.000000 1.000000 1.000000 0.000000
	POINT
		10.648205 6.810000 0.100000
	COLOR
		1.000000 1.000000 1.000000 0.000000
	MATERIAL
		0.100000 0.100000 0.100000 0.000000
	TEXTURE
		0
OBJECT
	HOW_MANY
		3
	POINT
		10.475000 6.810000 0.000000
	COLOR
		1.000000 1.000000 1.000000 0.200000
	POINT
		10.648205 6.810000 0.100000
	COLOR
		1.000000 1.000000 1.000000 0.000000
	POINT
		10.665212 6.810000 0.061803
	COLOR
		1.000000 1.000000 1.000000 0.000000
	MATERIAL
		0.100000 0.100000 0.100000 0.000000
	TEXTURE
		0
OBJECT
	HOW_MANY
		3
	POINT
		10.475000 6.810000 0.000000
	COLOR
		1.000000 1.000000 1.000000 0.200000
	POINT
		10.665212 6.810000 0.061803
	COLOR
		1.000000 1.000000 1.000000 0.000000
	POINT
		10.673905 6.810000 0.020906
	COLOR
		1.000000 1.000000 1.000000 0.000000
	MATERIAL
		0.100000 0.100000 0.100000 0.000000
	TEXTURE
		0
OBJECT
	HOW_MANY
		3
	POINT
		10.475000 6.810000 0.000000
	COLOR
		1.000000 1.000000 1.000000 0.200000
	POINT
		10.673905 6.810000 0.020906
	COLOR
		1.000000 1.000000 1.000000 0.000000
	POINT
		10.673905 6.810000 -0.020906
	COLOR
		1.000000 1.000000 1.000000 0.000000
	MATERIAL
		0.100000 0.100000 0.100000 0.000000
	TEXTURE
		0
OBJECT
	HOW_MANY
		3
	POINT
		10.475000 6.810000 0.000000
	COLOR
		1.000000 1.000000 1.000000 0.200000
	POINT
		10.673905 6.810000 -0.020906
	COLOR
		1.000000 1.000000 1.000000 0.000000
	POINT
		10.665212 6.810000 -0.061803
	COLOR
		1.000000 1.000000 1.000000 0.000000
	MATERIAL
		0.100000 0.100000 0.100000 0.000000
	TEXTURE
		0
OBJECT
	HOW_MANY
		3
	POINT
		10.475000 6.810000 0.000000
	COLOR
		1.000000 1.000000 1.000000 0.200000
	POINT
		10.665212 6.810000 -0.061803
	COLOR
		1.000000 1.000000 1.000000 0.000000
	POINT
		10.648205 6.810000 -0.100000
	COLOR
		1.000000 1.000000 1.000000 0.000000
	MATERIAL
		0.100000 0.100000 0.100000 0.000000
	TEXTURE
		0
OBJECT
	HOW_MANY
		3
	POINT
		10.475000 6.810000 0.000000
	COLOR
		1.000000 1.000000 1.000000 0.200000
	POINT
		10.648205 6.810000 -0.100000
	COLOR
		1.000000 1.000000 1.000000 0.000000
	POINT
		10.623629 6.810000 -0.133826
	COLOR
		1.000000 1.000000 1.000000 0.000000
	MATERIAL
		0.100000 0.100000 0.100000 0.000000
	TEXTURE
		0
OBJECT
	HOW_MANY
		3
	POINT
		10.475000 6.810000 0.000000
	COLOR
		1.000000 1.000000 1.000000 0.200000
	POINT
		10.623629 6.810000 -0.133826
	COLOR
		1.000000 1.000000 1.000000 0.000000
	POINT
		10.592557 6.810000 -0.161803
	COLOR
		1.000000 1.000000 1.000000 0.000000
	MATERIAL
		0.100000 0.100000 0.100000 0.000000
	TEXTURE
		0
OBJECT
	HOW_MANY
		3
	POINT
		10.475000 6.810000 0.000000
	COLOR
		1.000000 1.000000 1.000000 0.200000
	POINT
		10.592557 6.810000 -0.161803
	COLOR
		1.000000 1.000000 1.000000 0.000000
	POINT
		10.556348 6.810000 -0.182709
	COLOR
		1.000000 1.000000 1.000000 0.000000
	MATERIAL
		0.100000 0.100000 0.100000 0.000000
	TEXTURE
		0
OBJECT
	HOW_MANY
		3
	POINT
		10.475000 6.810000 0.000000
	COLOR
		1.000000 1.000000 1.000000 0.200000
	POINT
		10.556348 6.810000 -0.182709
	COLOR
		1.000000 1.000000 1.000000 0.000000
	POINT
		10.516583 6.810000 -0.195630
	COLOR
		1.000000 1.000000 1.000000 0.000000
	MATERIAL
		0.100000 0.100000 0.100000 0.000000
	TEXTURE
		0
OBJECT
	HOW_MANY
		3
	POINT
		10.475000 6.810000 0.000000
	COLOR
		1.000000 1.000000 1.000000 0.200000
	POINT
		10.516583 6.810000 -0.195630
	COLOR
		1.000000 1.000000 1.000000 0.000000
	POINT
		10.475000 6.810000 -0.200000
	COLOR
		1.000000 1.000000 1.000000 0.000000
	MATERIAL
		0.100000 0.100000 0.100000 0.000000
	TEXTURE
		0
OBJECT
	HOW_MANY
		3
	POINT
		10.475000 6.810000 0.000000
	COLOR
		1.000000 1.000000 1.000000 0.200000
	POINT
		10.475000 6.810000 -0.200000
	COLOR
		1.000000 1.000000 1.000000 0.000000
	POINT
		10.433418 6.810000 -0.195630
	COLOR
		1.000000 1.000000 1.000000 0.000000
	MATERIAL
		0.100000 0.100000 0.100000 0.000000
	TEXTURE
		0
OBJECT
	HOW_MANY
		3
	POINT
		10.475000 6.810000 0.000000
	COLOR
		1.000000 1.000000 1.000000 0.200000
	POINT
		10.433418 6.810000 -0.195630
	COLOR
		1.000000 1.000000 1.000000 0.000000
	POINT
		10.393653 6.810000 -0.182709
	COLOR
		1.000000 1.000000 1.000000 0.000000
	MATERIAL
		0.100000 0.100000 0.100000 0.000000
	TEXTURE
		0
OBJECT
	HOW_MANY
		3
	POINT
		10.475000 6.810000 0.000000
	COLOR
		1.000000 1.000000 1.000000 0.200000
	POINT
		10.393653 6.810000 -0.182709
	COLOR
		1.000000 1.000000 1.000000 0.000000
	POINT
		10.357443 6.810000 -0.161803
	COLOR
		1.000000 1.000000 1.000000 0.000000
	MATERIAL
		0.100000 0.100000 0.100000 0.000000
	TEXTURE
		0
OBJECT
	HOW_MANY
		3
	POINT
		10.475000 6.810000 0.000000
	COLOR
		1.000000 1.000000 1.000000 0.200000
	POINT
		10.357443 6.810000 -0.161803
	COLOR
		1.000000 1.000000 1.000000 0.000000
	POINT
		10.326371 6.810000 -0.133826
	COLOR
		1.000000 1.000000 1.000000 0.000000
	MATERIAL
		0.100000 0.100000 0.100000 0.000000
	TEXTURE
		0
OBJECT
	HOW_MANY
		3
	POINT
		10.475000 6.810000 0.000000
	COLOR
		1.000000 1.000000 1.000000 0.200000
	POINT
		10.326371 6.810000 -0.133826
	COLOR
		1.000000 1.000000 1.000000 0.000000
	POINT
		10.301795 6.810000 -0.100000
	COLOR
		1.000000 1.000000 1.000000 0.000000
	MATERIAL
		0.100000 0.100000 0.100000 0.000000
	TEXTURE
		0
OBJECT
	HOW_MANY
		3
	POINT
		10.475000 6.810000 0.000000
	COLOR
		1.000000 1.000000 1.000000 0.200000
	POINT
		10.301795 6.810000 -0.100000
	COLOR
		1.000000 1.000000 1.000000 0.000000
	POINT
		10.284789 6.810000 -0.061803
	COLOR
		1.000000 1.000000 1.000000 0.000000
	MATERIAL
		0.100000 0.100000 0.100000 0.000000
	TEXTURE
		0
OBJECT
	HOW_MANY
		3
	POINT
		10.475000 6.810000 0.000000
	COLOR
		1.000000 1.000000 1.000000 0.200000
	POINT
		10.284789 6.810000 -0.061803
	COLOR
		1.000000 1.000000 1.000000 0.000000
	POINT
		10.276096 6.810000 -0.020906
	COLOR
		1.000000 1.000000 1.000000 0.000000
	MATERIAL
		0.100000 0.100000 0.100000 0.000000
	TEXTURE
		0
OBJECT
	HOW_MANY
		3
	POINT
		10.475000 6.810000 0.000000
	COLOR
		1.000000 1.000000 1.000000 0.200000
	POINT
		10.276096 6.810000 -0.020906
	COLOR
		1.000000 1.000000 1.000000 0.000000
	POINT
		10.276096 6.810000 0.020906
	COLOR
		1.000000 1.000000 1.000000 0.000000
	MATERIAL
		0.100000 0.100000 0.100000 0.000000
	TEXTURE
		0
OBJECT
	HOW_MANY
		3
	POINT
		10.475000 6.810000 0.000000
	COLOR
		1.000000 1.000000 1.000000 0.200000
	POINT
		10.276096 6.810000 0.020906
	COLOR
		1.000000 1.000000 1.000000 0.000000
	POINT
		10.284789 6.810000 0.061803
	COLOR
		1.000000 1.000000 1.000000 0.000000
	MATERIAL
		0.100000 0.100000 0.100000 0.000000
	TEXTURE
		0
OBJECT
	HOW_MANY
		3
	POINT
		10.475000 6.810000 0.000000
	COLOR
		1.000000 1.000000 1.000000 0.200000
	POINT
		10.284789 6.810000 0.061803
	COLOR
		1.000000 1.000000 1.000000 0.000000
	POINT
		10.301795 6.810000 0.100000
	COLOR
		1.000000 1.000000 1.000000 0.000000
	MATERIAL
		0.100000 0.100000 0.100000 0.000000
	TEXTURE
		0
OBJECT
	HOW_MANY
		3
	POINT
		10.475000 6.810000 0.000000
	COLOR
		1.000000 1.000000 1.000000 0.200000
	POINT
		10.301795 6.810000 0.100000
	COLOR
		1.000000 1.000000 1.000000 0.000000
	POINT
		10.326371 6.810000 0.133826
	COLOR
		1.000000 1.000000 1.000000 0.000000
	MATERIAL
		0.100000 0.100000 0.100000 0.000000
	TEXTURE
		0
OBJECT
	HOW_MANY
		3
	POINT
		10.475000 6.810000 0.000000
	COLOR
		1.000000 1.000000 1.000000 0.200000
	POINT
		10.326371 6.810000 0.133826
	COLOR
		1.000000 1.000000 1.000000 0.000000
	POINT
		10.357443 6.810000 0.161803
	COLOR
		1.000000 1.000000 1.000000 0.000000
	MATERIAL
		0.100000 0.100000 0.100000 0.000000
	TEXTURE
		0
OBJECT
	HOW_MANY
		3
	POINT
		10.475000 6.810000 0.000000
	COLOR
		1.000000 1.000000 1.000000 0.200000
	POINT
		10.357443 6.810000 0.161803
	COLOR
		1.000000 1.000000 1.000000 0.000000
	POINT
		10.393653 6.810000 0.182709
	COLOR
		1.000000 1.000000 1.000000 0.000000
	MATERIAL
		0.100000 0.100000 0.100000 0.000000
	TEXTURE
		0
OBJECT
	HOW_MANY
		3
	POINT
		10.475000 6.810000 0.000000
	COLOR
		1.000000 1.000000 1.000000 0.200000
	POINT
		10.393653 6.810000 0.182709
	COLOR
		1.000000 1.000000 1.000000 0.000000
	POINT
		10.433418 6.810000 0.195630
	COLOR
		1.000000 1.000000 1.000000 0.000000
	MATERIAL
		0.100000 0.100000 0.100000 0.000000
	TEXTURE
		0
OBJECT
	HOW_MANY
		3
	POINT
		10.475000 6.810000 0.000000
	COLOR
		1.000000 1.000000 1.000000 0.200000
	POINT
		10.433418 6.810000 0.195630
	COLOR
		1.000000 1.000000 1.000000 0.000000
	POINT
		10.475000 6.810000 0.200000
	COLOR
		1.000000 1.000000 1.000000 0.000000
	MATERIAL
		0.100000 0.100000 0.100000 0.000000
	TEXTURE
		0

OBJECT
	HOW_MANY
		4
	POINT
		10.475000 6.810000 2.820000
	COLOR
		1.000000 1.000000 1.000000 0.000000
	POINT
		10.475000 6.810000 2.920000
	COLOR
		1.000000 1.000000 1.000000 0.200000
	POINT
		11.082103 6.810000 2.856191
	COLOR
		1.000000 1.000000 1.000000 0.200000
	POINT
		11.061311 6.810000 2.758376
	COLOR
		1.000000 1.000000 1.000000 0.000000
	MATERIAL
		0.100000 0.100000 0.100000 0.000000
	TEXTURE
		0
OBJECT
	HOW_MANY
		4
	POINT
		10.475000 6.810000 2.920000
	COLOR
		1.000000 1.000000 1.000000 0.200000
	POINT
		10.475000 6.810000 3.020000
	COLOR
		1.000000 1.000000 1.000000 0.000000
	POINT
		11.102894 6.810000 2.954006
	COLOR
		1.000000 1.000000 1.000000 0.000000
	POINT
		11.082103 6.810000 2.856191
	COLOR
		1.000000 1.000000 1.000000 0.200000
	MATERIAL
		0.100000 0.100000 0.100000 0.000000
	TEXTURE
		0
OBJECT
	HOW_MANY
		4
	POINT
		11.061311 6.810000 2.758376
	COLOR
		1.000000 1.000000 1.000000 0.000000
	POINT
		11.082103 6.810000 2.856191
	COLOR
		1.000000 1.000000 1.000000 0.200000
	POINT
		11.662671 6.810000 2.667553
	COLOR
		1.000000 1.000000 1.000000 0.200000
	POINT
		11.621998 6.810000 2.576198
	COLOR
		1.000000 1.000000 1.000000 0.000000
	MATERIAL
		0.100000 0.100000 0.100000 0.000000
	TEXTURE
		0
OBJECT
	HOW_MANY
		4
	POINT
		11.082103 6.810000 2.856191
	COLOR
		1.000000 1.000000 1.000000 0.200000
	POINT
		11.102894 6.810000 2.954006
	COLOR
		1.000000 1.000000 1.000000 0.000000
	POINT
		11.703345 6.810000 2.758907
	COLOR
		1.000000 1.000000 1.000000 0.000000
	POINT
		11.662671 6.810000 2.667553
	COLOR
		1.000000 1.000000 1.000000 0.200000
	MATERIAL
		0.100000 0.100000 0.100000 0.000000
	TEXTURE
		0
OBJECT
	HOW_MANY
		4
	POINT
		11.621998 6.810000 2.576198
	COLOR
		1.000000 1.000000 1.000000 0.000000
	POINT
		11.662671 6.810000 2.667553
	COLOR
		1.000000 1.000000 1.000000 0.200000
	POINT
		12.191333 6.810000 2.362330
	COLOR
		1.000000 1.000000 1.000000 0.200000
	POINT
		12.132555 6.810000 2.281428
	COLOR
		1.000000 1.000000 1.000000 0.000000
	MATERIAL
		0.100000 0.100000 0.100000 0.000000
	TEXTURE
		0
OBJECT
	HOW_MANY
		4
	POINT
		11.662671 6.810000 2.667553
	COLOR
		1.000000 1.000000 1.000000 0.200000
	POINT
		11.703345 6.810000 2.758907
	COLOR
		1.000000 1.000000 1.000000 0.000000
	POINT
		12.250112 6.810000 2.443231
	COLOR
		1.000000 1.000000 1.000000 0.000000
	POINT
		12.191333 6.810000 2.362330
	COLOR
		1.000000 1.000000 1.000000 0.200000
	MATERIAL
		0.100000 0.100000 0.100000 0.000000
	TEXTURE
		0
OBJECT
	HOW_MANY
		4
	POINT
		12.132555 6.810000 2.281428
	COLOR
		1.000000 1.000000 1.000000 0.000000
	POINT
		12.191333 6.810000 2.362330
	COLOR
		1.000000 1.000000 1.000000 0.200000
	POINT
		12.644983 6.810000 1.953861
	COLOR
		1.000000 1.000000 1.000000 0.200000
	POINT
		12.570669 6.810000 1.886948
	COLOR
		1.000000 1.000000 1.000000 0.000000
	MATERIAL
		0.100000 0.100000 0.100000 0.000000
	TEXTURE
		0
OBJECT
	HOW_MANY
		4
	POINT
		12.191333 6.810000 2.362330
	COLOR
		1.000000 1.000000 1.000000 0.200000
	POINT
		12.250112 6.810000 2.443231
	COLOR
		1.000000 1.000000 1.000000 0.000000
	POINT
		12.719298 6.810000 2.020774
	COLOR
		1.000000 1.000000 1.000000 0.000000
	POINT
		12.644983 6.810000 1.953861
	COLOR
		1.000000 1.000000 1.000000 0.200000
	MATERIAL
		0.100000 0.100000 0.100000 0.000000
	TEXTURE
		0
OBJECT
	HOW_MANY
		4
	POINT
		12.570669 6.810000 1.886948
	COLOR
		1.000000 1.000000 1.000000 0.000000
	POINT
		12.644983 6.810000 1.953861
	COLOR
		1.000000 1.000000 1.000000 0.200000
	POINT
		13.003795 6.810000 1.460000
	COLOR
		1.000000 1.000000 1.000000 0.200000
	POINT
		12.917192 6.810000 1.410000
	COLOR
		1.000000 1.000000 1.000000 0.000000
	MATERIAL
		0.100000 0.100000 0.100000 0.000000
	TEXTURE
		0
OBJECT
	HOW_MANY
		4
	POINT
		12.644983 6.810000 1.953861
	COLOR
		1.000000 1.000000 1.000000 0.200000
	POINT
		12.719298 6.810000 2.020774
	COLOR
		1.000000 1.000000 1.000000 0.000000
	POINT
		13.090397 6.810000 1.510000
	COLOR
		1.000000 1.000000 1.000000 0.000000
	POINT
		13.003795 6.810000 1.460000
	COLOR
		1.000000 1.000000 1.000000 0.200000
	MATERIAL
		0.100000 0.100000 0.100000 0.000000
	TEXTURE
		0
OBJECT
	HOW_MANY
		4
	POINT
		12.917192 6.810000 1.410000
	COLOR
		1.000000 1.000000 1.000000 0.000000
	POINT
		13.003795 6.810000 1.460000
	COLOR
		1.000000 1.000000 1.000000 0.200000
	POINT
		13.252086 6.810000 0.902330
	COLOR
		1.000000 1.000000 1.000000 0.200000
	POINT
		13.156980 6.810000 0.871428
	COLOR
		1.000000 1.000000 1.000000 0.000000
	MATERIAL
		0.100000 0.100000 0.100000 0.000000
	TEXTURE
		0
OBJECT
	HOW_MANY
		4
	POINT
		13.003795 6.810000 1.460000
	COLOR
		1.000000 1.000000 1.000000 0.200000
	POINT
		13.090397 6.810000 1.510000
	COLOR
		1.000000 1.000000 1.000000 0.000000
	POINT
		13.347191 6.810000 0.933231
	COLOR
		1.000000 1.000000 1.000000 0.000000
	POINT
		13.252086 6.810000 0.902330
	COLOR
		1.000000 1.000000 1.000000 0.200000
	MATERIAL
		0.100000 0.100000 0.100000 0.000000
	TEXTURE
		0
OBJECT
	HOW_MANY
		4
	POINT
		13.156980 6.810000 0.871428
	COLOR
		1.000000 1.000000 1.000000 0.000000
	POINT
		13.252086 6.810000 0.902330
	COLOR
		1.000000 1.000000 1.000000 0.200000
	POINT
		13.379004 6.810000 0.305223
	COLOR
		1.000000 1.000000 1.000000 0.200000
	POINT
		13.279552 6.810000 0.294770
	COLOR
		1.000000 1.000000 1.000000 0.000000
	MATERIAL
		0.100000 0.100000 0.100000 0.000000
	TEXTURE
		0
OBJECT
	HOW_MANY
		4
	POINT
		13.252086 6.810000 0.902330
	COLOR
		1.000000 1.000000 1.000000 0.200000
	POINT
		13.347191 6.810000 0.933231
	COLOR
		1.000000 1.000000 1.000000 0.000000
	POINT
		13.478456 6.810000 0.315676
	COLOR
		1.000000 1.000000 1.000000 0.000000
	POINT
		13.379004 6.810000 0.305223
	COLOR
		1.000000 1.000000 1.000000 0.200000
	MATERIAL
		0.100000 0.100000 0.100000 0.000000
	TEXTURE
		0
OBJECT
	HOW_MANY
		4
	POINT
		13.279552 6.810000 0.294770
	COLOR
		1.000000 1.000000 1.000000 0.000000
	POINT
		13.379004 6.810000 0.305223
	COLOR
		1.000000 1.000000 1.000000 0.200000
	POINT
		13.379004 6.810000 -0.305223
	COLOR
		1.000000 1.000000 1.000000 0.200000
	POINT
		13.279552 6.810000 -0.294770
	COLOR
		1.000000 1.000000 1.000000 0.000000
	MATERIAL
		0.100000 0.100000 0.100000 0.000000
	TEXTURE
		0
OBJECT
	HOW_MANY
		4
	POINT
		13.379004 6.810000 0.305223
	COLOR
		1.000000 1.000000 1.000000 0.200000
	POINT
		13.478456 6.810000 0.315676
	COLOR
		1.000000 1.000000 1.000000 0.000000
	POINT
		13.478456 6.810000 -0.315676
	COLOR
		1.000000 1.000000 1.000000 0.000000
	POINT
		13.379004 6.810000 -0.305223
	COLOR
		1.000000 1.000000 1.000000 0.200000
	MATERIAL
		0.100000 0.100000 0.100000 0.000000
	TEXTURE
		0
OBJECT
	HOW_MANY
		4
	POINT
		13.279552 6.810000 -0.294770
	COLOR
		1.000000 1.000000 1.000000 0.000000
	POINT
		13.379004 6.810000 -0.305223
	COLOR
		1.000000 1.000000 1.000000 0.200000
	POINT
		13.252085 6.810000 -0.902330
	COLOR
		1.000000 1.000000 1.000000 0.200000
	POINT
		13.156980 6.810000 -0.871428
	COLOR
		1.000000 1.000000 1.000000 0.000000
	MATERIAL
		0.100000 0.100000 0.100000 0.000000
	TEXTURE
		0
OBJECT
	HOW_MANY
		4
	POINT
		13.379004 6.810000 -0.305223
	COLOR
		1.000000 1.000000 1.000000 0.200000
	POINT
		13.478456 6.810000 -0.315676
	COLOR
		1.000000 1.000000 1.000000 0.000000
	POINT
		13.347191 6.810000 -0.933231
	COLOR
		1.000000 1.000000 1.000000 0.000000
	POINT
		13.252085 6.810000 -0.902330
	COLOR
		1.000000 1.000000 1.000000 0.200000
	MATERIAL
		0.100000 0.100000 0.100000 0.000000
	TEXTURE
		0
OBJECT
	HOW_MANY
		4
	POINT
		13.156980 6.810000 -0.871428
	COLOR
		1.000000 1.000000 1.000000 0.000000
	POINT
		13.252085 6.810000 -0.902330
	COLOR
		1.000000 1.000000 1.000000 0.200000
	POINT
		13.003795 6.810000 -1.460000
	COLOR
		1.000000 1.000000 1.000000 0.200000
	POINT
		12.917192 6.810000 -1.410000
	COLOR
		1.000000 1.000000 1.000000 0.000000
	MATERIAL
		0.100000 0.100000 0.100000 0.000000
	TEXTURE
		0
OBJECT
	HOW_MANY
		4
	POINT
		13.252085 6.810000 -0.902330
	COLOR
		1.000000 1.000000 1.000000 0.200000
	POINT
		13.347191 6.810000 -0.933231
	COLOR
		1.000000 1.000000 1.000000 0.000000
	POINT
		13.090397 6.810000 -1.510000
	COLOR
		1.000000 1.000000 1.000000 0.000000
	POINT
		13.003795 6.810000 -1.460000
	COLOR
		1.000000 1.000000 1.000000 0.200000
	MATERIAL
		0.100000 0.100000 0.100000 0.000000
	TEXTURE
		0
OBJECT
	HOW_MANY
		4
	POINT
		12.917192 6.810000 -1.410000
	COLOR
		1.000000 1.000000 1.000000 0.000000
	POINT
		13.003795 6.810000 -1.460000
	COLOR
		1.000000 1.000000 1.000000 0.200000
	POINT
		12.644983 6.810000 -1.953862
	COLOR
		1.000000 1.000000 1.000000 0.200000
	POINT
		12.570669 6.810000 -1.886948
	COLOR
		1.000000 1.000000 1.000000 0.000000
	MATERIAL
		0.100000 0.100000 0.100000 0.000000
	TEXTURE
		0
OBJECT
	HOW_MANY
		4
	POINT
		13.003795 6.810000 -1.460000
	COLOR
		1.000000 1.000000 1.000000 0.200000
	POINT
		13.090397 6.810000 -1.510000
	COLOR
		1.000000 1.000000 1.000000 0.000000
	POINT
		12.719298 6.810000 -2.020775
	COLOR
		1.000000 1.000000 1.000000 0.000000
	POINT
		12.644983 6.810000 -1.953862
	COLOR
		1.000000 1.000000 1.000000 0.200000
	MATERIAL
		0.100000 0.100000 0.100000 0.000000
	TEXTURE
		0
OBJECT
	HOW_MANY
		4
	POINT
		12.570669 6.810000 -1.886948
	COLOR
		1.000000 1.000000 1.000000 0.000000
	POINT
		12.644983 6.810000 -1.953862
	COLOR
		1.000000 1.000000 1.000000 0.200000
	POINT
		12.191333 6.810000 -2.362330
	COLOR
		1.000000 1.000000 1.000000 0.200000
	POINT
		12.132555 6.810000 -2.281428
	COLOR
		1.000000 1.000000 1.000000 0.000000
	MATERIAL
		0.100000 0.100000 0.100000 0.000000
	TEXTURE
		0
OBJECT
	HOW_MANY
		4
	POINT
		12.644983 6.810000 -1.953862
	COLOR
		1.000000 1.000000 1.000000 0.200000
	POINT
		12.719298 6.810000 -2.020775
	COLOR
		1.000000 1.000000 1.000000 0.000000
	POINT
		12.250112 6.810000 -2.443231
	COLOR
		1.000000 1.000000 1.000000 0.000000
	POINT
		12.191333 6.810000 -2.362330
	COLOR
		1.000000 1.000000 1.000000 0.200000
	MATERIAL
		0.100000 0.100000 0.100000 0.000000
	TEXTURE
		0
OBJECT
	HOW_MANY
		4
	POINT
		12.132555 6.810000 -2.281428
	COLOR
		1.000000 1.000000 1.000000 0.000000
	POINT
		12.191333 6.810000 -2.362330
	COLOR
		1.000000 1.000000 1.000000 0.200000
	POINT
		11.662671 6.810000 -2.667553
	COLOR
		1.000000 1.000000 1.000000 0.200000
	POINT
		11.621997 6.810000 -2.576198
	COLOR
		1.000000 1.000000 1.000000 0.000000
	MATERIAL
		0.100000 0.100000 0.100000 0.000000
	TEXTURE
		0
OBJECT
	HOW_MANY
		4
	POINT
		12.191333 6.810000 -2.362330
	COLOR
		1.000000 1.000000 1.000000 0.200000
	POINT
		12.250112 6.810000 -2.443231
	COLOR
		1.000000 1.000000 1.000000 0.000000
	POINT
		11.703345 6.810000 -2.758907
	COLOR
		1.000000 1.000000 1.000000 0.000000
	POINT
		11.662671 6.810000 -2.667553
	COLOR
		1.000000 1.000000 1.000000 0.200000
	MATERIAL
		0.100000 0.100000 0.100000 0.000000
	TEXTURE
		0
OBJECT
	HOW_MANY
		4
	POINT
		11.621997 6.810000 -2.576198
	COLOR
		1.000000 1.000000 1.000000 0.000000
	POINT
		11.662671 6.810000 -2.667553
	COLOR
		1.000000 1.000000 1.000000 0.200000
	POINT
		11.082102 6.810000 -2.856191
	COLOR
		1.000000 1.000000 1.000000 0.200000
	POINT
		11.061311 6.810000 -2.758376
	COLOR
		1.000000 1.000000 1.000000 0.000000
	MATERIAL
		0.100000 0.100000 0.100000 0.000000
	TEXTURE
		0
OBJECT
	HOW_MANY
		4
	POINT
		11.662671 6.810000 -2.667553
	COLOR
		1.000000 1.000000 1.000000 0.200000
	POINT
		11.703345 6.810000 -2.758907
	COLOR
		1.000000 1.000000 1.000000 0.000000
	POINT
		11.102893 6.810000 -2.954006
	COLOR
		1.000000 1.000000 1.000000 0.000000
	POINT
		11.082102 6.810000 -2.856191
	COLOR
		1.000000 1.000000 1.000000 0.200000
	MATERIAL
		0.100000 0.100000 0.100000 0.000000
	TEXTURE
		0
OBJECT
	HOW_MANY
		4
	POINT
		11.061311 6.810000 -2.758376
	COLOR
		1.000000 1.000000 1.000000 0.000000
	POINT
		11.082102 6.810000 -2.856191
	COLOR
		1.000000 1.000000 1.000000 0.200000
	POINT
		10.475000 6.810000 -2.920000
	COLOR
		1.000000 1.000000 1.000000 0.200000
	POINT
		10.475000 6.810000 -2.820000
	COLOR
		1.000000 1.000000 1.000000 0.000000
	MATERIAL
		0.100000 0.100000 0.100000 0.000000
	TEXTURE
		0
OBJECT
	HOW_MANY
		4
	POINT
		11.082102 6.810000 -2.856191
	COLOR
		1.000000 1.000000 1.000000 0.200000
	POINT
		11.102893 6.810000 -2.954006
	COLOR
		1.000000 1.000000 1.000000 0.000000
	POINT
		10.475000 6.810000 -3.020000
	COLOR
		1.000000 1.000000 1.000000 0.000000
	POINT
		10.475000 6.810000 -2.920000
	COLOR
		1.000000 1.000000 1.000000 0.200000
	MATERIAL
		0.100000 0.100000 0.100000 0.000000
	TEXTURE
		0